t = 1:100;
road = 2*sin(10*t) + 4*sin(15*t);
road = road';
t = t';

M1 = 100;
M2 = 20;
k1 = 50;
k2 = 80;
b = 40;